1228
1228
1228
1228
1228
1228
1228
1228
1228
1228
1228
1228
1228
1228
1228
1228
1228
1228
1228
1228
1228
1228
1228
1228
1228
1228
1228
1228
1228
1228
1241
1272
1314
1357
1392
1423
1455
1485
1506
1515
1506
1485
1455
1423
1392
1357
1314
1272
1241
1228
1228
1228
1228
1228
1228
1228
1228
1228
1228
1228
1228
1228
1228
1228
1228
1228
1228
1228
1023
819
922
1202
1613
2109
2643
3170
3644
4095
3644
3071
2378
1666
1034
582
409
621
1016
1228
1228
1228
1228
1228
1228
1228
1228
1228
1228
1228
1228
1228
1228
1228
1228
1228
1228
1228
1228
1228
1228
1228
1233
1247
1267
1289
1310
1331
1353
1378
1405
1433
1466
1508
1555
1604
1653
1699
1740
1772
1794
1801
1793
1771
1738
1697
1650
1600
1551
1505
1464
1433
1406
1378
1350
1323
1297
1275
1256
1241
1231
1228
1228
1228
1228
1228
1228
1228
1228
1228
1228
1228
1228
1228
1228
1228
1228
1228
1228
1228
1228
1228
1228
1228
1228
1228
1228
1228
1228
1228
1228
1228
1228
1228
1228
1228
1228
1228
1228
1228
1228
1228
1228
1228
1228
1228
1228
1228
1228
1228
1228
1228
